User Name: [linh@gmail.com]After save run update Time 2021-05-27T08:29:49.732
